%YAML:1.0
calibration_time: "Thu 31 Oct 2013 02:52:56 PM CET"
nframes: 24
image_width: 1280
image_height: 720
board_width: 9
board_height: 6
square_size: 1.0000000149011612e-01
flags: 0
camera_matrix: !!opencv-matrix
   rows: 3
   cols: 3
   dt: d
   data: [ 1.1201234084578230e+03, 0., 6.2154365644445113e+02, 0.,
       1.1203589085476376e+03, 3.9342838401174015e+02, 0., 0., 1. ]
distortion_coefficients: !!opencv-matrix
   rows: 5
   cols: 1
   dt: d
   data: [ -5.4499877467199298e-01, 4.2084363153561760e-01,
       9.7088136195585021e-04, 5.0843713309159681e-04,
       -1.9756492394366998e-01 ]
avg_reprojection_error: 3.2231420264737781e-01
per_view_reprojection_errors: !!opencv-matrix
   rows: 24
   cols: 1
   dt: f
   data: [ 4.82781440e-01, 3.56375426e-01, 4.07887608e-01,
       4.36265111e-01, 3.59189868e-01, 2.12485060e-01, 2.51790583e-01,
       2.76370227e-01, 3.10309559e-01, 5.01038551e-01, 3.22065651e-01,
       2.82252580e-01, 3.60878825e-01, 2.10636213e-01, 2.63896525e-01,
       2.55306333e-01, 2.80326217e-01, 2.61276126e-01, 2.86973208e-01,
       2.58245856e-01, 1.87429249e-01, 2.54940599e-01, 3.79360080e-01,
       2.87172735e-01 ]
# a set of 6-tuples (rotation vector + translation vector) for each view
extrinsic_parameters: !!opencv-matrix
   rows: 24
   cols: 6
   dt: d
   data: [ -1.3705750583559750e-01, 7.3505452307176855e-01,
       2.2097303387727271e-01, -4.8138575047560134e-01,
       -3.4913493225798381e-01, 1.7136629742308600e+00,
       -4.2081182886290751e-02, 3.4906887417700971e-01,
       2.7999625859304343e-02, -3.3482557057502071e-01,
       -3.0793613410309001e-01, 1.3581450742583747e+00,
       4.1578159688759192e-01, 3.9596823730983854e-01,
       3.2324873133819286e-02, -3.6002594530882981e-01,
       -3.1764302750121665e-01, 1.2826787268381028e+00,
       4.0030205692309029e-01, 3.8921403041724273e-01,
       4.5689382199598505e-02, -3.5252355878194847e-01,
       -3.1873145138898556e-01, 1.2877022723766298e+00,
       2.7505009714979001e-01, 2.9434727439741570e-01,
       2.8647992347068313e-01, -3.7949162362306860e-01,
       -4.0934798056172605e-01, 1.3529588682923401e+00,
       4.3211696719478720e-02, -7.7567504367569429e-03,
       -4.5403135606268526e-02, -8.3325499564972605e-01,
       -4.4619198938177879e-01, 1.7605923796546870e+00,
       -9.3863880051049328e-02, 3.1166697734771376e-01,
       6.7198968100350863e-03, 3.7014445628041553e-01,
       -1.3851019579335433e-01, 2.5511438038695271e+00,
       7.3554393139303689e-02, 3.8070487718988461e-01,
       4.1870943232769318e-02, 5.6991732889438329e-01,
       -6.4177248115883723e-01, 2.4342978495067866e+00,
       3.9003722722575734e-01, 1.1271592599180219e-01,
       7.6258617111108302e-03, -2.0195011552047801e-01,
       -8.8476677124432157e-01, 2.4245048870519903e+00,
       -1.4937221668893189e-01, -7.1908667662603942e-01,
       2.9267339708239387e-01, -3.5640220324704985e-01,
       -3.4230934337976021e-01, 1.9043394081740674e+00,
       1.2615181343224563e-01, 3.1570206874605135e-02,
       -4.7612086301890601e-03, -5.7103530749018505e-01,
       -2.9388876132953734e-01, 1.2139889678602522e+00,
       1.2424534239833092e-01, 2.2652152587350669e-01,
       2.7693204890249117e-02, -2.6159659134055269e-01,
       -3.1786532833501768e-01, 1.3250535425837755e+00,
       1.2697049735629828e-01, 2.7553183161683065e-01,
       7.8412287061418503e-03, -1.8464921510457913e-01,
       -3.0133555731934186e-01, 1.3359407296887227e+00,
       -7.4175581959372086e-02, -3.1678728627017694e-01,
       -3.2446725789507191e-02, -1.2740338403120550e+00,
       -2.1806372326615814e-01, 2.5208206984045711e+00,
       9.5337896429319197e-02, -3.3212307648998207e-01,
       4.4813082813057993e-02, -1.2255638976756811e+00,
       -7.9417695582400949e-01, 2.3788189863164040e+00,
       1.3340361314870161e-01, 2.0043441681997606e-01,
       5.9197557396548341e-02, 3.7554666354146088e-01,
       -8.8225465886272825e-01, 2.6776180698593324e+00,
       -1.2271019737125023e-01, 2.4745482181452905e-01,
       -1.6029527950300767e-02, 4.7202971559844975e-01,
       -6.5136802160830828e-02, 2.7612589603380493e+00,
       -2.4800259662677959e-02, -1.5554456645671705e-01,
       5.5423063086613454e-02, -7.6589633122202228e-01,
       -4.7188755650168435e-01, 2.6093888122206415e+00,
       -6.8495941499322772e-03, -7.3041145292610188e-01,
       -6.5900271833261928e-03, -4.0180920055231056e-01,
       -3.9140571272491614e-01, 2.5305112399229741e+00,
       -5.3647449523130967e-03, -4.1254545263838183e-01,
       1.1197146876793572e-03, 4.9901241751878583e-01,
       -4.0274191806240373e-01, 2.5377805537116922e+00,
       -1.3101807056904499e-01, 1.3531268721628556e-01,
       9.9124688812074618e-02, -1.2857967815168523e+00,
       -1.8661664390085586e-01, 3.1580871050078745e+00,
       5.7821825909217722e-02, 9.8523324832542641e-02,
       1.2255763428572884e-01, -1.3753035752780534e+00,
       -8.4652204025025846e-01, 2.9900555258905008e+00,
       1.5006941483970193e-02, 3.2276876960212131e-01,
       4.7359742215366318e-02, -9.2700322419354875e-01,
       -3.1644844234925551e-01, 1.6376219942565877e+00,
       2.1111992145724272e-02, 8.0531790627219024e-01,
       1.5597388683155958e-01, 2.8636462499455567e-01,
       -4.1730661716955492e-01, 1.8868176759438446e+00 ]
